20
242521 147928
9661542 218003 81466 46944 9318 61363
9717362 172216 52442 228431 68984 68984
247391 206886
9103764 145921 85941 192509 16326 169269
9395130 49507 49432 169856 231852 231852
243431 16839
9282826 189420 126340 99299 121729 221445
9731715 170873 194794 9611 18123 18123
244043 64223
9670898 150627 115036 3938 234022 2673
9539299 149064 169558 59334 77692 77692
245033 194920
9951672 49267 62446 207819 26764 94500
9259913 89207 56848 156724 208922 208922
248723 240998
9910890 52217 48652 144493 61231 50301
9359659 44613 194311 106717 215860 215860
245683 15951
9426988 3857 93164 178627 124136 54532
9470953 240605 31113 119895 219657 219657
246577 38707
9563388 75318 4052 7286 151402 212042
9093054 134131 21718 12689 41225 41225
5 1
5 2 0 4 0 4
3 2 1 2 4 4
245989 241965
9991706 132475 208940 168944 183060 190370
9498373 66141 48230 235135 28915 28915
242603 142078
9054701 198455 168627 51500 48355 191478
9964149 175146 169356 197070 873 873
247873 56189
9662473 90544 235006 185155 230424 209248
9854273 153435 238776 140049 161715 161715
249971 84693
9603298 204736 98043 54321 229609 196967
9992395 116437 24981 148173 237029 237029
247031 45930
9308846 104266 74039 214589 88143 33092
9384159 82322 237505 219691 137784 137784
249253 56342
9823518 216013 229363 123682 54105 142637
9795222 141760 151124 233309 58065 58065
5 4
2 2 1 3 1 4
5 1 0 2 3 3
243809 123255
9883748 204902 78612 101297 155637 137746
9545268 226730 9123 232382 66097 66097
245719 138913
9281573 122901 158466 144574 174855 230074
9036640 36370 182636 234349 10119 10119
249863 107685
9459862 184152 53044 108173 160078 23523
9359483 208959 178406 27049 66348 66348
242441 24655
9858136 163375 24975 111768 2751 167651
9317341 95028 20550 193318 93977 93977