100
10 5 0.9
2970 140 0.8675526963415757
2853 35 0.5919365772491396
1228 96 0.6418072615960027
3000 68 0.883581865722848
391 21 0.990045506730495
2534 196 0.6054084569594469
2435 177 0.8257519323246103
1434 139 0.7009021303832321
1779 121 0.5869145203869226
2440 236 0.9348334865729848
1137 13 0.6045979283913703
2728 33 0.6383918982883392
3000 2462 0.9151227339986332
1830 156 0.9041155517689629
384 33 0.9288190055620886
2412 192 0.5576920254768508
3000 62 0.54049556192781
1937 52 0.9157073852732951
1483 11 0.7629894166599458
480 10 0.8122885175919962
518 13 0.6732217861720134
2916 113 0.9653940727746058
2905 190 0.6586390758629603
1277 84 0.5281795396618607
2917 64 0.9621890345939623
1786 66 0.9885585908289589
1150 77 0.5809022066595582
3000 43 0.8371587587474507
2017 17 0.9371418005351515
287 9 0.6799048474605067
274 6 0.5614702427223739
2593 64 0.6793761084870839
3000 854 0.9720202238293681
275 19 0.9597466828860741
2351 88 0.5184711196810675
106 11 0.9453714006516325
2576 21 0.7347687615875376
210 1 0.820452316044547
1293 65 0.582991019442719
3000 6 0.6128288993437406
2742 61 0.9532570462552223
2 1 0.5
3000 27 0.8186760818824159
1626 11 0.9665002222762331
1 1 0.4
2014 194 0.6089818857707359
17 2 0.9150140896516434
2247 79 0.5353719590280765
2313 44 0.7834328068149952
1041 2 0.8621913147859378
1 2 0.4
2 1 0.4
2005 44 0.8077250250873409
3000 121 0.9980522144494091
2177 187 0.8059019776620424
3000 48 0.815240333295067
1715 66 0.8869301728055563
673 37 0.6701048397541943
583 18 0.5462105530392116
970 5 0.6451701546529596
2715 9 0.6600502810949636
1102 92 0.6995840712669159
10 5 0.1
3000 94 0.8689874881448595
630 6 0.528636897646001
1334 9 0.7119732369798495
2632 253 0.8904351799003849
1041 89 0.9216213715962509
3000 39 0.6214264176481694
3000 835 0.9304641233983514
3000 148 0.9286954412715177
1621 14 0.6570037621455269
3000 1235 0.9966125411381052
259 20 0.9027891281907592
3000 195 0.8184633788266845
3000 132 0.9234418745440136
3000 160 0.6579502846146681
1349 8 0.9259585583890617
3000 1757 0.9670775954951097
876 42 0.8871067689273595
1559 103 0.9036071052699719
10 12 0.5
3000 125 0.919826528587413
3000 50 0.123
330 15 0.7794361742253006
2549 169 0.8568860254861395
688 45 0.6962093634623593
1267 64 0.6378650136786141
2130 125 0.7614268866317455
2368 57 0.8060278128317389
3000 50 0.987
857 9 0.6174923581726507
1450 88 0.629975111468692
2075 56 0.7484377697168556
459 33 0.8071185178965246
1832 60 0.7104413388525446
2496 57 0.7341132788617609
3000 135 0.5511401553868309
1850 73 0.6883899772370723
