20
55 21
0 5 0 24680 11
0 0 5 5188 11
999983 999983
0 1 0 5531 999983
5530 0 1 5531 999984
999999 1000000
0 577 587 593 7
5 587 577 593 7
24787 58760
17 5 0 12153 101
17 0 4 8156 101
999983 999983
0 1 0 931463 999983
931462 0 1 931463 999984
8 6
0 0 1 3 5
0 1 0 4 5
1000000 1000000
1 1 0 1 1000000
1 0 1 1 1000000
1000 1000
2 13 23 23 49
4 23 13 23 49
1000000 1000000
1 1 0 1 1000000
1999999 0 1 1999999 1000000
1000000 1000000
123321 555555 777777 333333 10000001
123321 777777 555555 333333 10000001
999983 999983
874480 1 0 874481 999983
874480 0 1 874481 999984
1000000 1000000
991 983 977 971 997
967 977 983 971 997
53687 46722
96 2 0 91814 101
96 0 2 83883 101
999983 999983
765490 1 0 765491 999983
765490 0 1 765491 999984
40831 23625
4319 1 0 6660 10001
9744 0 1 3341 10001
34217 65875
49 3 0 28687 101
49 0 2 10186 101
446 631
3 1 0 26 101
21 0 1 75 101
999983 999983
0 1 0 775607 999983
775606 0 1 775607 999984
999983 999983
860010 1 0 860011 999983
860010 0 1 860011 999984
1000 1000
2 5 2 5 7
2 9 3 2 7
