20
19 743 398 250 424 103 472 294 112 512 942 604 955 793 162 243 182 873 587 787 
53 104 364 139 493 532 597 767 197 713 274 217 73 924 19 781 704 1 845 688 576 463 334 603 129 729 679 798 0 645 326 858 150 293 903 743 173 483 519 28 991 466 573 276 826 215 381 317 924 582 643 461 671 825 
2 511 831 
3 767 308 284 
99 866 778 702 144 658 520 590 636 937 802 357 300 719 604 414 480 932 332 880 42 336 477 303 489 198 217 400 516 37 360 257 563 527 957 195 727 709 55 425 606 26 901 398 461 789 59 356 184 857 392 856 123 526 330 573 762 254 619 683 522 856 640 513 933 326 572 173 699 580 417 972 652 843 582 594 123 918 295 216 621 77 359 84 443 669 653 259 188 736 119 632 531 70 142 749 35 114 733 304 
51 791 219 317 730 753 333 288 393 577 528 487 586 275 841 928 862 533 556 68 917 144 168 412 116 648 583 91 109 110 714 134 677 675 320 72 864 711 708 334 368 779 195 366 557 437 810 139 685 10 818 427 
27 378 733 719 221 320 986 89 206 453 199 328 208 839 774 86 650 597 325 450 512 575 14 695 426 230 63 103 
61 590 835 70 774 898 227 516 668 219 853 647 529 412 658 3 0 922 943 559 325 21 521 193 884 519 766 903 482 480 926 285 559 635 571 495 126 837 853 854 663 306 329 194 64 214 608 488 316 841 548 519 194 386 907 980 569 198 788 142 19 263 
17 945 782 497 380 959 578 65 837 870 618 444 12 656 345 168 43 484 
41 853 436 501 761 405 895 233 155 193 488 586 482 885 370 848 276 984 368 977 486 645 93 30 825 686 281 857 753 506 817 291 931 415 666 571 635 355 833 105 943 908 
7 23 786 292 615 259 635 540 
97 921 872 464 227 634 647 68 696 837 825 503 197 416 6 826 703 154 215 156 685 832 598 280 726 585 323 63 32 972 182 837 241 966 428 467 420 47 305 11 992 300 576 558 128 650 485 97 756 341 350 208 872 925 463 548 285 833 230 45 166 59 425 153 393 21 131 394 633 279 176 702 321 227 800 418 871 444 343 859 598 9 722 443 121 729 427 491 870 880 163 203 824 349 78 968 37 782 
23 999 876 259 462 934 705 543 897 770 641 589 909 354 747 579 267 705 83 572 270 807 791 41 
15 511 831 275 539 597 170 42 467 286 37 560 817 474 917 250 
45 614 745 103 927 223 158 513 809 251 646 588 344 653 997 345 341 252 928 699 266 499 594 976 758 583 458 308 50 736 366 0 743 551 451 889 853 683 272 121 24 290 491 521 705 550 
29 689 305 489 341 127 345 816 52 612 920 459 58 96 761 832 958 651 704 511 391 691 902 868 131 133 92 617 457 664 
55 47 696 325 768 584 566 537 178 835 226 472 540 835 426 263 947 365 53 853 152 764 936 608 585 164 506 943 251 674 324 563 473 154 540 920 296 922 812 401 458 525 736 697 717 521 437 530 626 663 47 688 810 320 409 902 
33 870 223 112 965 54 390 762 594 509 344 574 298 213 582 681 426 84 424 484 502 119 362 172 227 99 381 160 192 300 976 429 539 30 
5 78 880 53 698 235 
95 258 555 693 861 961 429 868 200 522 207 288 128 551 589 809 278 998 861 520 258 916 140 511 322 704 383 706 575 410 342 674 804 950 826 322 896 33 984 344 810 303 141 138 12 966 689 185 992 746 976 447 368 854 395 105 354 516 222 416 687 257 634 402 317 984 242 80 698 961 899 52 665 654 909 202 209 458 158 903 273 246 894 970 984 57 533 61 8 388 328 367 779 455 882 90 