20
19 4
3 22 50 29 18 42 36 32 3 44 32 44 19 42 7 50 12 19 36 
18 6
27 0 48 28 9 44 42 23 34 37 13 29 18 7 6 28 30 37 
17 3
13 20 11 24 36 36 27 7 31 2 13 21 16 7 7 6 15 
3 1
1 2 3
20 1
1 1 1 1 1 1 1 1 1 1 1 1 1 1 1 1 1 1 1 1
18 4
37 23 15 44 9 3 47 15 29 50 40 16 14 34 45 28 45 40 
20 1
0 0 0 0 0 0 0 0 0 0 0 0 0 0 0 0 0 0 0 2 
20 1
50 50 50 50 50 50 50 50 50 50 50 50 50 50 50 50 50 50 50 50 
19 8
1 41 37 15 44 19 50 25 12 39 37 35 20 21 11 43 42 13 29 
2 1
2 2
19 8
29 23 14 31 27 10 28 6 22 8 13 40 21 2 23 11 2 48 47 
4 1
2 7 5 14
18 5
23 45 33 46 21 47 41 25 12 42 46 19 31 48 24 36 49 4 
10 11
1 2 3 4 5 6 7 8 9 10 
17 14
15 2 48 50 34 36 9 47 27 2 38 6 39 49 43 5 17 
19 10
47 31 22 5 0 49 10 29 38 22 40 0 24 46 1 23 19 2 36 
19 5
4 13 23 37 5 37 34 10 21 7 22 4 32 18 7 36 44 10 36 
20 1
0 0 0 0 0 0 0 0 0 0 0 0 0 0 0 0 0 0 0 0 
18 4
28 50 46 28 25 11 3 1 24 31 2 13 3 43 34 38 46 48 
20 15
29 42 46 1 34 7 16 27 18 49 39 6 13 39 36 30 31 32 43 29 
