200
21 18
7 31
24 19
26 15
28 38
43 29
37 47
12 35
6 20
28 11
50 48
9 25
29 31
26 29
23 2
27 8
2 2
26 35
49 14
44 16
5 21
4 2
2 1
5 25
11 49
34 13
35 3
25 50
30 50
47 28
29 28
46 22
48 37
14 24
3 5
5 49
39 4
28 2
27 18
42 16
21 21
34 17
26 42
21 4
2 21
23 44
48 30
31 26
28 16
22 26
35 9
4 11
22 41
48 46
49 15
38 21
32 7
7 21
28 29
43 4
35 38
39 26
29 37
41 29
15 2
23 7
39 18
22 38
24 14
46 17
13 19
15 26
50 28
9 16
19 23
17 32
26 16
4 4
16 33
43 37
42 48
35 19
26 11
30 13
15 50
10 21
34 25
47 33
2 18
48 20
50 38
16 2
29 48
39 11
28 3
22 14
12 49
20 30
20 23
40 47
34 11
20 36
15 9
11 5
2 28
10 48
50 13
17 16
26 40
44 32
12 48
35 26
27 4
20 2
41 6
42 9
17 9
29 24
15 3
15 19
42 12
11 16
50 16
46 18
16 16
34 4
27 22
23 3
14 28
43 19
24 13
10 14
39 32
50 50
6 47
34 23
25 25
50 25
11 27
48 36
36 6
35 20
14 18
39 41
47 17
3 13
16 17
19 20
19 28
17 25
38 16
34 32
30 18
10 28
47 38
40 11
38 34
9 41
36 42
23 50
17 6
32 4
46 47
24 50
46 30
2 50
22 48
37 2
25 23
42 48
6 43
24 11
7 6
8 43
8 47
49 8
21 12
6 22
25 20
34 50
23 24
27 9
7 17
37 12
29 19
45 49
32 5
34 22
17 33
46 25
25 43
16 13
50 20
48 47
16 3
7 42
50 1
5 5
22 17
50 39
